<Occultations>
  <Event>
    <Elements>JPL#62:2025-11-27@2026-02-17[OWC],1.46,2026,2,17,22.0409466,0.1468824,0.4272929,-8.0434878,2.7652469,0.0002750,0.0014403,0.0000015,-0.0000006</Elements>
    <Earth>30.2531,-1.9922,-147.13,-11.73,False</Earth>
    <Star>UCAC4 441-051313,9.89474609,-1.8667179,14.80,14.35,13.73,0.0,0,,9.91737514,-1.9922160,3.17,2.96,0,0,0</Star>
    <Object>5301,Novobranets,17.48,22.000,2.6371,0,0,-1.789,9.22,,1.8,0,17.45,16.62,</Object>
    <Orbit>0,127.6799,2026,2,17,130.1285,243.6820,10.0467,0.10814,3.35908,2.99582,12.24,5.0,0.15</Orbit>
    <Errors>1.032,0.0019,0.0004,110,0.0019,Known errors,1.05,0,-1,-1</Errors>
    <ID>20260217_051313,61045.04</ID>
  </Event>
</Occultations>